{
  "document": {
    "@version": "2.0.0",
    "chunk": {
      "@label": "Chunk 1",
      "@enabled": "true",
      "sensors": {
        "@next_id": "1",
        "sensor": {
          "@id": "0",
          "@label": "iPhone 15 Pro Max, iPhone 15 Pro Max back triple camera 6.765mm f/1.78 (6.765mm)",
          "@type": "frame",
          "resolution": {
            "@width": "5712",
            "@height": "4284",
            "#text": ""
          },
          "property": [
            {
              "@name": "pixel_width",
              "@value": "0.0017080920433132976",
              "#text": ""
            },
            {
              "@name": "pixel_height",
              "@value": "0.0017080920433132976",
              "#text": ""
            },
            {
              "@name": "focal_length",
              "@value": "6.7649999999999997",
              "#text": ""
            },
            {
              "@name": "layer_index",
              "@value": "0",
              "#text": ""
            }
          ],
          "bands": {
            "band": [
              {
                "@label": "Red",
                "#text": ""
              },
              {
                "@label": "Green",
                "#text": ""
              },
              {
                "@label": "Blue",
                "#text": ""
              }
            ]
          },
          "data_type": {
            "#text": "uint8"
          },
          "calibration": {
            "@type": "frame",
            "@class": "adjusted",
            "resolution": {
              "@width": "5712",
              "@height": "4284",
              "#text": ""
            },
            "f": {
              "#text": "3995.1999306071189"
            },
            "cx": {
              "#text": "25.658529375407227"
            },
            "cy": {
              "#text": "29.908297158800305"
            },
            "k1": {
              "#text": "0.15364029208837254"
            },
            "k2": {
              "#text": "-0.39205209595390422"
            },
            "k3": {
              "#text": "0.31788457761346972"
            },
            "p1": {
              "#text": "0.00074407627079223269"
            },
            "p2": {
              "#text": "0.00030848579637961037"
            }
          },
          "covariance": {
            "params": {
              "#text": "f cx cy k1 k2 k3 p1 p2"
            },
            "coeffs": {
              "#text": "0.042389741282849634 -0.039844770563227556 -0.015641573345643901 -3.8253811520085271e-06 2.1019128523744751e-05 -1.6701845859880492e-05 -2.0754560031425163e-06 -1.7502921147945086e-06 -0.039844770563227556 0.24029957399255303 -0.0088958972164052217 7.3198197417190684e-06 -7.3281278482788769e-05 8.8061174850942044e-05 1.5311721581792063e-05 2.2245337605443306e-07 -0.015641573345643901 -0.0088958972164052217 0.16015243874114332 -5.7044722560544425e-06 2.9215283102491361e-05 -3.4375953230433899e-05 1.7874931772067545e-07 1.1250454023552597e-05 -3.8253811520085271e-06 7.3198197417190684e-06 -5.7044722560544425e-06 3.8296685130144525e-08 -1.1794538181495224e-07 1.0995932081435476e-07 5.9881981236571441e-10 -5.6947388874703733e-10 2.1019128523744751e-05 -7.3281278482788769e-05 2.9215283102491361e-05 -1.1794538181495224e-07 4.0230281043344791e-07 -3.9323509551292741e-07 -5.1542066228973337e-09 2.2974296793408043e-09 -1.6701845859880492e-05 8.8061174850942044e-05 -3.4375953230433899e-05 1.0995932081435476e-07 -3.9323509551292741e-07 3.978314149559968e-07 6.0936544199737653e-09 -2.6049357395304178e-09 -2.0754560031425163e-06 1.5311721581792063e-05 1.7874931772067545e-07 5.9881981236571441e-10 -5.1542066228973337e-09 6.0936544199737653e-09 1.1121109119024891e-09 5.846113208449971e-11 -1.7502921147945086e-06 2.2245337605443306e-07 1.1250454023552597e-05 -5.6947388874703733e-10 2.2974296793408043e-09 -2.6049357395304178e-09 5.846113208449971e-11 8.8777691488167028e-10"
            }
          },
          "meta": {
            "property": [
              {
                "@name": "Exif/LensModel",
                "@value": "iPhone 15 Pro Max back triple camera 6.765mm f/1.78",
                "#text": ""
              },
              {
                "@name": "Exif/Make",
                "@value": "Apple",
                "#text": ""
              },
              {
                "@name": "Exif/Model",
                "@value": "iPhone 15 Pro Max",
                "#text": ""
              },
              {
                "@name": "Exif/Software",
                "@value": "26.1",
                "#text": ""
              }
            ]
          }
        }
      },
      "components": {
        "@next_id": "2",
        "@active_id": "1",
        "component": {
          "@id": "1",
          "@label": "Component 1",
          "region": {
            "center": {
              "#text": "3.0634225597622891 -7.292044867645747 0.28636989606470142"
            },
            "size": {
              "#text": "51.175689888000491 48.267593955993654 34.196102905273435"
            },
            "R": {
              "#text": "-0.12739387208562006 -0.41127833479357406 -0.9025635338769552 0.24586320449452168 -0.89467178821698623 0.37297945793877896 -0.96089650120640879 -0.17439186534367127 0.21509391267824657"
            }
          },
          "partition": {
            "camera_ids": {
              "#text": "0 1 2 3 4 5 6 7 8 9 10 11 12 13 14 15 16 17 18 19 20 21 22 23 24 25 26 27 28 29 30 31 32 33 34 35 36 37 38 39 40 41 42 43 44 45 46 47 48 49 50 51 52 53 54 55 56 57 58 59 60 61 62 63 64 65 66 67 68 69 70 71 72 73 74 75 76 77 78 79 80 81 82 83 84"
            }
          }
        }
      },
      "cameras": {
        "@next_id": "107",
        "@next_group_id": "0",
        "camera": [
          {
            "@id": "0",
            "@sensor_id": "0",
            "@component_id": "1",
            "@label": "IMG_1129",
            "transform": {
              "#text": "0.92148199091416116 0.29288280414478962 0.25512860180144137 -1.638183896660091 0.22842351544907114 0.12263246848111892 -0.96580742141697939 -6.4877819266153205 -0.31415543606750079 0.94825151764208193 0.04610229146936512 -4.0708633748107861 0 0 0 1"
            },
            "orientation": {
              "#text": "6"
            }
          },
          {
            "@id": "85",
            "@sensor_id": "0",
            "@label": "IMG_1129",
            "orientation": {
              "#text": "6"
            }
          },
          {
            "@id": "1",
            "@sensor_id": "0",
            "@component_id": "1",
            "@label": "IMG_1130",
            "transform": {
              "#text": "0.91924584165002876 0.29102951866052101 0.26512054216404185 -1.5983913327550916 0.22492692804440811 0.16444481956889917 -0.96039876007700975 -6.5344112423361249 -0.3231020885875478 0.94247531563706111 0.08570484096704617 -3.9881194645905493 0 0 0 1"
            },
            "rotation_covariance": {
              "#text": "4.6143655652801823e-09 -4.3502230871573072e-10 -1.2286778746069466e-09 -4.3502230871573072e-10 4.8171644546548908e-09 -1.1206394862152659e-09 -1.2286778746069462e-09 -1.1206394862152661e-09 1.844333444569349e-09"
            },
            "location_covariance": {
              "#text": "1.3124391322561476e-06 4.091405867907974e-07 7.1559399436107913e-08 4.091405867907974e-07 4.0087194029713525e-07 -9.2598144751560396e-08 7.1559399436107913e-08 -9.2598144751560396e-08 1.4131697325338501e-06"
            },
            "orientation": {
              "#text": "6"
            }
          },
          {
            "@id": "86",
            "@sensor_id": "0",
            "@label": "IMG_1130",
            "orientation": {
              "#text": "6"
            }
          },
          {
            "@id": "2",
            "@sensor_id": "0",
            "@component_id": "1",
            "@label": "IMG_1131",
            "transform": {
              "#text": "0.91437959735288954 0.29167916204171529 0.28077253849942468 -1.5293260866090554 0.21765515557549003 0.23060597104798203 -0.94839185960679073 -6.5788911694075791 -0.34137396678155957 0.92830175726843278 0.14737592156170803 -3.6974061234000191 0 0 0 1"
            },
            "rotation_covariance": {
              "#text": "5.2299999172269241e-09 -6.9500347022709513e-11 -1.4683595846598424e-09 -6.9500347022709513e-11 4.5024653700843554e-09 -1.0681306285498558e-09 -1.4683595846598426e-09 -1.0681306285498556e-09 1.8841322304820172e-09"
            },
            "location_covariance": {
              "#text": "1.1389895040015038e-06 3.4339198874457549e-07 7.7081728269606121e-08 3.4339198874457549e-07 4.0700417149031415e-07 -1.0813551271548922e-07 7.7081728269606121e-08 -1.0813551271548922e-07 1.6111273101316263e-06"
            },
            "orientation": {
              "#text": "6"
            }
          },
          {
            "@id": "87",
            "@sensor_id": "0",
            "@label": "IMG_1131",
            "orientation": {
              "#text": "6"
            }
          },
          {
            "@id": "3",
            "@sensor_id": "0",
            "@component_id": "1",
            "@label": "IMG_1132",
            "transform": {
              "#text": "0.91291125277810403 0.28730200961559738 0.28991481476797942 -1.4494586131506604 0.21365170116805798 0.26884487030537019 -0.93918868514185361 -6.5930362981933914 -0.34777290742538775 0.91933671251687121 0.18404894425006818 -3.4774631034579184 0 0 0 1"
            },
            "rotation_covariance": {
              "#text": "5.0156802839123858e-09 2.30188594866082e-10 -1.3174440996588587e-09 2.3018859486608241e-10 3.462273827172555e-09 -9.5836499340751603e-10 -1.3174440996588589e-09 -9.5836499340751603e-10 1.5045498052716575e-09"
            },
            "location_covariance": {
              "#text": "9.0823551180180447e-07 2.1422745911985514e-07 5.0664911278964371e-08 2.1422745911985514e-07 2.7584536809711546e-07 -5.3031217821958257e-08 5.0664911278964371e-08 -5.3031217821958257e-08 1.5229978841089573e-06"
            },
            "orientation": {
              "#text": "6"
            }
          },
          {
            "@id": "88",
            "@sensor_id": "0",
            "@label": "IMG_1132",
            "orientation": {
              "#text": "6"
            }
          },
          {
            "@id": "4",
            "@sensor_id": "0",
            "@component_id": "1",
            "@label": "IMG_1133",
            "transform": {
              "#text": "0.9087684481014624 0.2804732075407107 0.30898978557079482 -1.3592982803058307 0.20862555323612586 0.3359116240830724 -0.91849809980358355 -6.6197598681828982 -0.3614073688681248 0.89916525770166333 0.24675200722612381 -3.1466426984062701 0 0 0 1"
            },
            "rotation_covariance": {
              "#text": "6.5383465755727734e-09 4.7508264490054732e-10 -1.6471912038811413e-09 4.7508264490054712e-10 4.6836528573828998e-09 -1.0392462136523872e-09 -1.6471912038811417e-09 -1.0392462136523874e-09 1.8738817395830022e-09"
            },
            "location_covariance": {
              "#text": "1.089301459691293e-06 2.7890183208632506e-07 1.2997584690566205e-08 2.7890183208632506e-07 3.9540402876670157e-07 -6.4948996811312039e-08 1.2997584690566205e-08 -6.4948996811312039e-08 1.9721869380246785e-06"
            },
            "orientation": {
              "#text": "6"
            }
          },
          {
            "@id": "89",
            "@sensor_id": "0",
            "@label": "IMG_1133",
            "orientation": {
              "#text": "6"
            }
          },
          {
            "@id": "5",
            "@sensor_id": "0",
            "@component_id": "1",
            "@label": "IMG_1134",
            "transform": {
              "#text": "0.90822875564719963 0.27205300270668009 0.31797435609466862 -1.2923343134556617 0.20278277281975304 0.37855486352417295 -0.90309211177472204 -6.5606279489008488 -0.36605965970463394 0.88469394652640965 0.2886467503999548 -2.9365717065435413 0 0 0 1"
            },
            "rotation_covariance": {
              "#text": "7.821311981445723e-09 8.2357195916410703e-10 -1.9348642761306746e-09 8.235719591641062e-10 4.5347284970910565e-09 -1.1575305419809371e-09 -1.9348642761306746e-09 -1.1575305419809371e-09 1.9950255305559771e-09"
            },
            "location_covariance": {
              "#text": "1.094745941547625e-06 2.2405742563431024e-07 7.547048030632005e-08 2.2405742563431024e-07 3.6559096468504016e-07 5.3195492558323023e-08 7.547048030632005e-08 5.3195492558323023e-08 2.3648692851275736e-06"
            },
            "orientation": {
              "#text": "6"
            }
          },
          {
            "@id": "90",
            "@sensor_id": "0",
            "@label": "IMG_1134",
            "orientation": {
              "#text": "6"
            }
          },
          {
            "@id": "6",
            "@sensor_id": "0",
            "@component_id": "1",
            "@label": "IMG_1135",
            "transform": {
              "#text": "0.90229673366584839 0.20251512992159082 0.38058931483789943 -1.4061663730913356 0.21183076213560126 0.560622732100028 -0.80051850725998253 -8.1087527658560443 -0.37548413099489431 0.8029257589625215 0.46294912567739832 -3.4987927256811941 0 0 0 1"
            },
            "rotation_covariance": {
              "#text": "8.0619662527038397e-09 -3.9418243703030672e-10 -1.9459927102422089e-09 -3.9418243703030672e-10 8.0091190637386062e-09 6.7931892724790732e-10 -1.9459927102422085e-09 6.7931892724790711e-10 2.8453589646263865e-09"
            },
            "location_covariance": {
              "#text": "1.6019408583428004e-06 8.071140577343704e-07 1.145432844387789e-08 8.071140577343704e-07 1.6062122573732365e-06 -4.8608090473808095e-09 1.145432844387789e-08 -4.8608090473808095e-09 1.8623941097487903e-06"
            },
            "orientation": {
              "#text": "6"
            }
          },
          {
            "@id": "91",
            "@sensor_id": "0",
            "@label": "IMG_1135",
            "orientation": {
              "#text": "6"
            }
          },
          {
            "@id": "7",
            "@sensor_id": "0",
            "@component_id": "1",
            "@label": "IMG_1136",
            "transform": {
              "#text": "0.89937150466767735 0.20228271468307257 0.3875727027697447 -1.2979608795901028 0.19816952545318764 0.60158496575604459 -0.7738374300574753 -8.0639136918415542 -0.38969184719911265 0.77277243242544968 0.50096210626133963 -3.1982629483204068 0 0 0 1"
            },
            "rotation_covariance": {
              "#text": "8.0014153309338269e-09 -1.1202388986795049e-10 -1.9255559689188102e-09 -1.1202388986795049e-10 7.8695319122557148e-09 1.0052981125634463e-09 -1.9255559689188102e-09 1.0052981125634456e-09 2.9448958644353435e-09"
            },
            "location_covariance": {
              "#text": "1.5537531540038376e-06 6.966202616891e-07 -6.6125041617085546e-08 6.966202616891e-07 1.527833710957224e-06 -1.1056843318108943e-07 -6.6125041617085546e-08 -1.1056843318108943e-07 1.8302610312630834e-06"
            },
            "orientation": {
              "#text": "6"
            }
          },
          {
            "@id": "92",
            "@sensor_id": "0",
            "@label": "IMG_1136",
            "orientation": {
              "#text": "6"
            }
          },
          {
            "@id": "8",
            "@sensor_id": "0",
            "@component_id": "1",
            "@label": "IMG_1137",
            "transform": {
              "#text": "0.89624609155122625 0.18145218957636303 0.40474442093387142 -1.2085089740069468 0.2037952183089653 0.64202463054854397 -0.73910207871674027 -8.2514739050091741 -0.39396757782024722 0.74490232693081937 0.53843297722139771 -2.9834079186891254 0 0 0 1"
            },
            "rotation_covariance": {
              "#text": "1.0844494525929076e-08 -4.5523057437686341e-10 -2.74946355724897e-09 -4.5523057437686258e-10 1.074631815901408e-08 1.7571432316096497e-09 -2.7494635572489713e-09 1.75714323160965e-09 3.9398168239174861e-09"
            },
            "location_covariance": {
              "#text": "1.9898420119336374e-06 8.7003645756911512e-07 -2.4616848877339212e-07 8.7003645756911512e-07 2.3053642042772836e-06 2.1548376738090236e-08 -2.4616848877339212e-07 2.1548376738090236e-08 2.2745245232625973e-06"
            },
            "orientation": {
              "#text": "6"
            }
          },
          {
            "@id": "93",
            "@sensor_id": "0",
            "@label": "IMG_1137",
            "orientation": {
              "#text": "6"
            }
          },
          {
            "@id": "9",
            "@sensor_id": "0",
            "@component_id": "1",
            "@label": "IMG_1138",
            "transform": {
              "#text": "0.88747339010960447 0.13846026926233901 0.43956766906036809 -1.1950301085115822 0.21061529863104905 0.72651868712222667 -0.65407323232551784 -9.1929550662402981 -0.40991728169219555 0.67305226475957813 0.61560415127911861 -3.1795316208635485 0 0 0 1"
            },
            "rotation_covariance": {
              "#text": "1.065309692409776e-08 -7.1768758531772393e-10 -2.7515235764277017e-09 -7.1768758531772475e-10 1.0662230504703616e-08 2.3813126827529843e-09 -2.7515235764277013e-09 2.3813126827529839e-09 5.006563047461244e-09"
            },
            "location_covariance": {
              "#text": "1.9993402812394325e-06 8.6736221972728748e-07 -2.1085022581633047e-07 8.6736221972728748e-07 3.4566326421715433e-06 -6.0935293446571255e-08 -2.1085022581633047e-07 -6.0935293446571255e-08 2.0195607614107224e-06"
            },
            "orientation": {
              "#text": "6"
            }
          },
          {
            "@id": "94",
            "@sensor_id": "0",
            "@label": "IMG_1138",
            "orientation": {
              "#text": "6"
            }
          },
          {
            "@id": "10",
            "@sensor_id": "0",
            "@component_id": "1",
            "@label": "IMG_1139",
            "transform": {
              "#text": "0.88326127506515595 0.11157333148330834 0.45541290239955945 -1.0105829670174971 0.20611235602647826 0.78001099622279224 -0.59084730892569937 -9.6826084175426441 -0.42114987434818163 0.61573877372895869 0.66595686486683836 -2.7739466601787912 0 0 0 1"
            },
            "rotation_covariance": {
              "#text": "1.1400892758622996e-08 -7.898994074508382e-10 -2.8607559856448052e-09 -7.8989940745083945e-10 1.0895360938500662e-08 2.9264511235273653e-09 -2.8607559856448048e-09 2.9264511235273649e-09 6.0941426489908626e-09"
            },
            "location_covariance": {
              "#text": "1.9325144554175306e-06 7.2559091149719018e-07 -1.9062084694206398e-07 7.2559091149719018e-07 4.2184770352043409e-06 -4.8872977442022393e-07 -1.9062084694206398e-07 -4.8872977442022393e-07 2.1450185421071187e-06"
            },
            "orientation": {
              "#text": "6"
            }
          },
          {
            "@id": "95",
            "@sensor_id": "0",
            "@label": "IMG_1139",
            "orientation": {
              "#text": "6"
            }
          },
          {
            "@id": "11",
            "@sensor_id": "0",
            "@component_id": "1",
            "@label": "IMG_1140",
            "transform": {
              "#text": "0.8762319505456323 0.10771868526389941 0.4696959161926082 -0.73935323423677812 0.20109867936929027 0.80402966306308321 -0.55954948134243798 -9.8659649885802558 -0.43792338370875328 0.58475036191496377 0.68285439461234676 -1.8901244745666355 0 0 0 1"
            },
            "rotation_covariance": {
              "#text": "1.1730668666342654e-08 -6.8662169423190454e-10 -2.8955272998402878e-09 -6.8662169423190454e-10 1.0884112665152986e-08 3.0638130722212825e-09 -2.8955272998402869e-09 3.0638130722212821e-09 6.4140190995168577e-09"
            },
            "location_covariance": {
              "#text": "1.8510938948838069e-06 4.7093702775043331e-07 -4.9622122303102917e-08 4.7093702775043331e-07 4.3737763466761389e-06 -1.2296329923769945e-06 -4.9622122303102917e-08 -1.2296329923769945e-06 2.72275902423469e-06"
            },
            "orientation": {
              "#text": "6"
            }
          },
          {
            "@id": "96",
            "@sensor_id": "0",
            "@label": "IMG_1140",
            "orientation": {
              "#text": "6"
            }
          },
          {
            "@id": "12",
            "@sensor_id": "0",
            "@component_id": "1",
            "@label": "IMG_1141",
            "transform": {
              "#text": "0.87380970125496527 0.057692727753592604 0.48283346524144172 -0.70105613802462419 0.16907441986439115 0.89493754141839632 -0.41291722839754996 -10.64714817037717 -0.45592811554040874 0.44244586801590208 0.77225074123332926 -1.8117308300661701 0 0 0 1"
            },
            "rotation_covariance": {
              "#text": "1.3265370440606901e-08 -9.1299652307710594e-10 -3.4765418207859179e-09 -9.1299652307710636e-10 1.0344076098540098e-08 3.3422659719524187e-09 -3.4765418207859191e-09 3.3422659719524195e-09 9.2237298688942125e-09"
            },
            "location_covariance": {
              "#text": "1.9425609406308193e-06 3.4911596607058704e-07 4.4188901739571357e-08 3.4911596607058704e-07 6.4486530205087771e-06 -1.6712822115091834e-06 4.4188901739571357e-08 -1.6712822115091834e-06 2.8036657404491343e-06"
            },
            "orientation": {
              "#text": "6"
            }
          },
          {
            "@id": "97",
            "@sensor_id": "0",
            "@label": "IMG_1141",
            "orientation": {
              "#text": "6"
            }
          },
          {
            "@id": "13",
            "@sensor_id": "0",
            "@component_id": "1",
            "@label": "IMG_1142",
            "transform": {
              "#text": "0.86971132517466465 0.022157571211387894 0.49306313277403135 -0.54911458971856886 0.16834996347573211 0.92576422245697798 -0.33855412302370136 -10.969094120436674 -0.46396174482455932 0.37745151537202759 0.80141740240820236 -1.5019326809926095 0 0 0 1"
            },
            "rotation_covariance": {
              "#text": "1.3865844164058938e-08 -7.8390014444571276e-10 -3.3115384568401528e-09 -7.8390014444571318e-10 1.1040380613331713e-08 3.3331734266082317e-09 -3.3115384568401544e-09 3.3331734266082321e-09 1.0659220567473988e-08"
            },
            "location_covariance": {
              "#text": "2.0874439646295678e-06 7.2446794685090446e-08 1.0871597969190197e-07 7.2446794685090446e-08 7.4229904176199309e-06 -2.2974845892429845e-06 1.0871597969190197e-07 -2.2974845892429845e-06 3.2297352644354874e-06"
            },
            "orientation": {
              "#text": "6"
            }
          },
          {
            "@id": "98",
            "@sensor_id": "0",
            "@label": "IMG_1142",
            "orientation": {
              "#text": "6"
            }
          },
          {
            "@id": "14",
            "@sensor_id": "0",
            "@component_id": "1",
            "@label": "IMG_1143",
            "transform": {
              "#text": "0.85995932707824418 0.017172629909781675 0.51007357954820121 -0.3104169386571673 0.14357095802855371 0.95093308069783511 -0.27406870679683182 -11.442936875828057 -0.48975232085401776 0.30891969315099699 0.81529828124533499 -0.75496748933040458 0 0 0 1"
            },
            "rotation_covariance": {
              "#text": "1.3864715300734183e-08 -4.9756727391437749e-10 -3.5246684041683429e-09 -4.9756727391437749e-10 1.0411563687862043e-08 2.9039979446591943e-09 -3.5246684041683425e-09 2.9039979446591939e-09 1.1496236529947346e-08"
            },
            "location_covariance": {
              "#text": "1.9973130296783722e-06 -3.4421409603122472e-07 4.2587862540167222e-07 -3.4421409603122472e-07 8.4598806324941693e-06 -3.5378570687889262e-06 4.2587862540167222e-07 -3.5378570687889262e-06 4.1181517286975215e-06"
            },
            "orientation": {
              "#text": "6"
            }
          },
          {
            "@id": "99",
            "@sensor_id": "0",
            "@label": "IMG_1143",
            "orientation": {
              "#text": "6"
            }
          },
          {
            "@id": "15",
            "@sensor_id": "0",
            "@component_id": "1",
            "@label": "IMG_1144",
            "transform": {
              "#text": "0.85950992963420036 -0.035189890596171669 0.50990621927962465 -0.22269888370419566 0.12722999609851854 0.98095511304562211 -0.14676373626485989 -12.320251225464773 -0.49503051315346414 0.19102025491941915 0.84761786983141052 -0.66143188635791583 0 0 0 1"
            },
            "rotation_covariance": {
              "#text": "1.3904410019103988e-08 -4.3049605118209455e-11 -3.6638903617375973e-09 -4.3049605118209041e-11 9.5077955452506499e-09 1.9948780632139479e-09 -3.6638903617375969e-09 1.9948780632139479e-09 1.3510874064198524e-08"
            },
            "location_covariance": {
              "#text": "1.9936791451379128e-06 -8.1254036318941186e-07 6.0599541278738963e-07 -8.1254036318941186e-07 1.1179961941323957e-05 -4.436287103149916e-06 6.0599541278738963e-07 -4.436287103149916e-06 4.2919250646497266e-06"
            },
            "orientation": {
              "#text": "6"
            }
          },
          {
            "@id": "100",
            "@sensor_id": "0",
            "@label": "IMG_1144",
            "orientation": {
              "#text": "6"
            }
          },
          {
            "@id": "16",
            "@sensor_id": "0",
            "@component_id": "1",
            "@label": "IMG_1145",
            "transform": {
              "#text": "0.86058764376925811 -0.048864293942466053 0.50695284610028657 -0.14837741692528628 0.10900122093942437 0.98999403064699654 -0.089613353452646316 -12.467207563426831 -0.49750139821450873 0.13237862388172195 0.8573028978802012 -0.42259807662861798 0 0 0 1"
            },
            "rotation_covariance": {
              "#text": "1.3743037007854981e-08 1.4872057784427486e-10 -3.8263578953796236e-09 1.4872057784427424e-10 9.3144207725242067e-09 1.3960931381092719e-09 -3.8263578953796228e-09 1.3960931381092717e-09 1.4146679827776071e-08"
            },
            "location_covariance": {
              "#text": "2.001662056097177e-06 -9.8679797738126477e-07 7.4908919235261095e-07 -9.8679797738126477e-07 1.1632402607263003e-05 -4.9717831599359714e-06 7.4908919235261095e-07 -4.9717831599359714e-06 4.7382498506515428e-06"
            },
            "orientation": {
              "#text": "6"
            }
          },
          {
            "@id": "101",
            "@sensor_id": "0",
            "@label": "IMG_1145",
            "orientation": {
              "#text": "6"
            }
          },
          {
            "@id": "17",
            "@sensor_id": "0",
            "@component_id": "1",
            "@label": "IMG_1146",
            "transform": {
              "#text": "0.86311927143652134 -0.070519673139788908 0.50005209626112457 0.094523024329286554 0.071821290798709747 0.99727815171695122 0.016673040995243721 -12.398039444456479 -0.49986680772271197 0.021523564023628788 0.86583480568109894 0.39542455661765585 0 0 0 1"
            },
            "rotation_covariance": {
              "#text": "1.3342723675081805e-08 6.5457352975457453e-10 -4.1249975724411492e-09 6.5457352975457453e-10 8.9802033150221809e-09 3.6374349798524229e-10 -4.1249975724411509e-09 3.6374349798524239e-10 1.5186554529523834e-08"
            },
            "location_covariance": {
              "#text": "2.007778280221741e-06 -1.2814178095008449e-06 1.209212843678245e-06 -1.2814178095008449e-06 1.1179231337400825e-05 -6.0652373949705107e-06 1.209212843678245e-06 -6.0652373949705107e-06 6.3207075906515099e-06"
            },
            "orientation": {
              "#text": "6"
            }
          },
          {
            "@id": "102",
            "@sensor_id": "0",
            "@label": "IMG_1146",
            "orientation": {
              "#text": "6"
            }
          },
          {
            "@id": "18",
            "@sensor_id": "0",
            "@component_id": "1",
            "@label": "IMG_1147",
            "transform": {
              "#text": "0.86288378511334918 -0.10391038605618165 0.49460510011332792 0.15318968849728651 0.046597087370623382 0.99082463549501709 0.12686706879541679 -12.949543176134236 -0.50324972413011237 -0.086424379464488527 0.85980843319726974 0.52171079858825042 0 0 0 1"
            },
            "rotation_covariance": {
              "#text": "1.3464238003970371e-08 1.16932151917459e-09 -4.3046294189081069e-09 1.1693215191745902e-09 9.2122310879724887e-09 -9.9902189763392215e-10 -4.304629418908106e-09 -9.9902189763392153e-10 1.6406053404004377e-08"
            },
            "location_covariance": {
              "#text": "2.1503135630855996e-06 -1.6686987411824644e-06 1.4212834102830403e-06 -1.6686987411824644e-06 1.3104407864682737e-05 -6.9199440503930105e-06 1.4212834102830403e-06 -6.9199440503930105e-06 6.7129705817581985e-06"
            },
            "orientation": {
              "#text": "6"
            }
          },
          {
            "@id": "103",
            "@sensor_id": "0",
            "@label": "IMG_1147",
            "orientation": {
              "#text": "6"
            }
          },
          {
            "@id": "19",
            "@sensor_id": "0",
            "@component_id": "1",
            "@label": "IMG_1148",
            "transform": {
              "#text": "0.85658853837068638 -0.12802946420632441 0.49986451387052044 0.20023555071438237 0.036912885304941245 0.98145172954275517 0.18812214509726721 -13.131158994876975 -0.51467806911741865 -0.14269183183551379 0.84542623941831307 0.63556313543146481 0 0 0 1"
            },
            "rotation_covariance": {
              "#text": "1.4962067032952871e-08 1.8217942176313501e-09 -4.631842752294427e-09 1.8217942176313501e-09 9.8958971801239551e-09 -1.7211370693044785e-09 -4.6318427522944254e-09 -1.7211370693044785e-09 1.7066361901625281e-08"
            },
            "location_covariance": {
              "#text": "2.3907809438819176e-06 -1.9689472225294031e-06 1.5536732454273204e-06 -1.9689472225294031e-06 1.3945676918966729e-05 -7.3339782532155735e-06 1.5536732454273204e-06 -7.3339782532155735e-06 7.0553969277623616e-06"
            },
            "orientation": {
              "#text": "6"
            }
          },
          {
            "@id": "104",
            "@sensor_id": "0",
            "@label": "IMG_1148",
            "orientation": {
              "#text": "6"
            }
          },
          {
            "@id": "20",
            "@sensor_id": "0",
            "@component_id": "1",
            "@label": "IMG_1149",
            "transform": {
              "#text": "0.85628764387175149 -0.13026816842662409 0.49980163589901994 0.38798285414989608 0.030414718952427075 0.97870988596865827 0.20298252136147302 -12.736988898952333 -0.51560296335805611 -0.15861009867593109 0.8420192520212364 1.0568347151569326 0 0 0 1"
            },
            "rotation_covariance": {
              "#text": "1.4049170666170045e-08 1.8808134624253539e-09 -4.3235169983991758e-09 1.8808134624253543e-09 9.6621190888964095e-09 -1.8151509178669726e-09 -4.3235169983991775e-09 -1.8151509178669724e-09 1.6876009500838615e-08"
            },
            "location_covariance": {
              "#text": "2.4090608691635796e-06 -1.9746335682368786e-06 1.8655928592570131e-06 -1.9746335682368786e-06 1.2299370561598418e-05 -7.3966908261030935e-06 1.8655928592570131e-06 -7.3966908261030935e-06 7.9340360980279454e-06"
            },
            "orientation": {
              "#text": "6"
            }
          },
          {
            "@id": "105",
            "@sensor_id": "0",
            "@label": "IMG_1149",
            "orientation": {
              "#text": "6"
            }
          },
          {
            "@id": "21",
            "@sensor_id": "0",
            "@component_id": "1",
            "@label": "IMG_1150",
            "transform": {
              "#text": "0.85569446899035206 -0.14968880178841623 0.49535869666178994 0.37810806243444761 0.016485132160142701 0.96464864136932282 0.26302326726353126 -12.458290436833973 -0.51721873144442643 -0.21690150143202919 0.82791214661916257 1.3924475119318336 0 0 0 1"
            },
            "rotation_covariance": {
              "#text": "1.5275380729125774e-08 1.6640428878548637e-09 -4.5937951365387155e-09 1.6640428878548639e-09 1.0560221988889947e-08 -2.2953342819514297e-09 -4.5937951365387147e-09 -2.2953342819514301e-09 1.7326535409387098e-08"
            },
            "location_covariance": {
              "#text": "2.4825650279634111e-06 -1.7841957176068005e-06 1.9318473562763023e-06 -1.7841957176068005e-06 1.1706049947338848e-05 -7.6477675587158421e-06 1.9318473562763023e-06 -7.6477675587158421e-06 8.9238439296125781e-06"
            },
            "orientation": {
              "#text": "6"
            }
          },
          {
            "@id": "106",
            "@sensor_id": "0",
            "@label": "IMG_1150",
            "orientation": {
              "#text": "6"
            }
          },
          {
            "@id": "22",
            "@sensor_id": "0",
            "@component_id": "1",
            "@label": "IMG_1151",
            "transform": {
              "#text": "0.85758698295363156 -0.18478672474069577 0.47999836773482191 0.64301481044812436 -0.028750492724990057 0.91455194642818338 0.40344534506236485 -12.893657503745956 -0.51353478542018693 -0.35978966583828731 0.77899513510638552 2.05384334101185 0 0 0 1"
            },
            "rotation_covariance": {
              "#text": "1.3366778054689149e-08 2.4926150387015806e-09 -3.9589099936073385e-09 2.4926150387015815e-09 1.1059927784479638e-08 -4.467459552854116e-09 -3.9589099936073376e-09 -4.4674595528541152e-09 1.7717237493936498e-08"
            },
            "location_covariance": {
              "#text": "2.5192458860409462e-06 -2.3336288412529523e-06 2.709186078544446e-06 -2.3336288412529523e-06 1.2689487704525506e-05 -9.0426963508642637e-06 2.709186078544446e-06 -9.0426963508642637e-06 1.0725368051301506e-05"
            },
            "orientation": {
              "#text": "6"
            }
          },
          {
            "@id": "23",
            "@sensor_id": "0",
            "@component_id": "1",
            "@label": "IMG_1152",
            "transform": {
              "#text": "0.8574375401269434 -0.22270506927790101 0.46390011521768659 0.78314647496568202 -0.03309936710219135 0.87576227151295982 0.48160655694445792 -12.98470321334938 -0.51352244028717176 -0.42830234170780129 0.74354005097850795 2.4414515692970742 0 0 0 1"
            },
            "rotation_covariance": {
              "#text": "1.2854623227478514e-08 2.8109161616676076e-09 -3.5591386288314557e-09 2.8109161616676076e-09 1.2005619701243613e-08 -5.6904581099667071e-09 -3.5591386288314565e-09 -5.6904581099667063e-09 1.7807060403270161e-08"
            },
            "location_covariance": {
              "#text": "2.654645386625871e-06 -2.6059149729227441e-06 3.1389794105977092e-06 -2.6059149729227441e-06 1.2945318828258376e-05 -9.6758855439147216e-06 3.1389794105977092e-06 -9.6758855439147216e-06 1.1929658852055011e-05"
            },
            "orientation": {
              "#text": "6"
            }
          },
          {
            "@id": "24",
            "@sensor_id": "0",
            "@component_id": "1",
            "@label": "IMG_1153",
            "transform": {
              "#text": "0.86887316014447147 -0.2219950847326598 0.44246764168139929 0.93137951933885221 -0.051050623689378655 0.8488639564411482 0.52614049195628887 -11.980871904122052 -0.49239543600797664 -0.47973760099623097 0.72622212083418058 2.8926458101233443 0 0 0 1"
            },
            "rotation_covariance": {
              "#text": "1.2415680705746893e-08 2.8346320974348885e-09 -3.1758480301866389e-09 2.8346320974348898e-09 1.2881442117946426e-08 -6.1976648786753808e-09 -3.1758480301866389e-09 -6.1976648786753816e-09 1.7412309439190964e-08"
            },
            "location_covariance": {
              "#text": "2.7128460515922035e-06 -2.1804047590255845e-06 3.4232510527170674e-06 -2.1804047590255845e-06 1.0116240962127707e-05 -8.6427450994382977e-06 3.4232510527170674e-06 -8.6427450994382977e-06 1.3266947503565267e-05"
            },
            "orientation": {
              "#text": "6"
            }
          },
          {
            "@id": "25",
            "@sensor_id": "0",
            "@component_id": "1",
            "@label": "IMG_1154",
            "transform": {
              "#text": "0.87436720066005202 -0.26276041197823008 0.40796931784992674 1.1756120555452576 -0.086588542451871336 0.74274206647513896 0.66395530497489119 -12.412207311647297 -0.47747714366864125 -0.61586620997199581 0.62667726038908123 3.8247711133393327 0 0 0 1"
            },
            "rotation_covariance": {
              "#text": "1.2071843263472192e-08 3.3252923840170327e-09 -2.5893967981060831e-09 3.325292384017034e-09 1.5698319706441398e-08 -7.9633387794932649e-09 -2.5893967981060831e-09 -7.9633387794932649e-09 1.7158595374492938e-08"
            },
            "location_covariance": {
              "#text": "2.9925906030792758e-06 -2.8317865127814111e-06 4.4153404269843063e-06 -2.8317865127814111e-06 1.1412475886436056e-05 -1.0559349756179383e-05 4.4153404269843063e-06 -1.0559349756179383e-05 1.680171722828336e-05"
            },
            "orientation": {
              "#text": "6"
            }
          },
          {
            "@id": "26",
            "@sensor_id": "0",
            "@component_id": "1",
            "@label": "IMG_1155",
            "transform": {
              "#text": "0.87558855116515066 -0.27121557000388397 0.39973341573601484 1.1749860361641047 -0.093728879058918607 0.71639275381156364 0.69137277898152971 -12.426963792654428 -0.47387718482627128 -0.64282465484278983 0.60184456201528913 3.8843236865914235 0 0 0 1"
            },
            "rotation_covariance": {
              "#text": "1.2211756791900978e-08 3.4032709976951236e-09 -2.4180262083077788e-09 3.4032709976951227e-09 1.6595684929250436e-08 -8.3043773225875503e-09 -2.4180262083077792e-09 -8.3043773225875519e-09 1.6942877545470615e-08"
            },
            "location_covariance": {
              "#text": "3.0315532382150133e-06 -2.8559355045096005e-06 4.4546050320023058e-06 -2.8559355045096005e-06 1.1531844514113638e-05 -1.0673526897416473e-05 4.4546050320023058e-06 -1.0673526897416473e-05 1.7110339046726553e-05"
            },
            "orientation": {
              "#text": "6"
            }
          },
          {
            "@id": "27",
            "@sensor_id": "0",
            "@component_id": "1",
            "@label": "IMG_1156",
            "transform": {
              "#text": "0.88324658073812512 -0.27054822953084345 0.38298711872873303 1.3131068466386748 -0.097486952720966025 0.69296709423566161 0.71434788468628063 -11.59996126500959 -0.45866302626611466 -0.66828157374291708 0.58568589408666782 4.287012829990112 0 0 0 1"
            },
            "rotation_covariance": {
